
>AbdA.mx

A |   1   2   1   0  16  18   1   0  15   1 
C |   3   4   3   0   0   0   0   0   1   6 
G |   1   2   0   0   0   0   0   6   2   0 
T |   6   8  14  18   2   0  17  12   0   0 

>AbdB.mx

A |   1   6   1   0   5  21   0   3  13   0 
C |   5   1   0   0   0   0   3   0   0   2 
G |  12   2   0   0   0   0   0  11   5   0 
T |   3  12  20  21  16   0  18   7   3   1 

>Achi.mx

A |   6   4   6   0   0  23   0  23   3   1 
C |   1   3   4   0   0   0  22   0   0   8 
G |   5   1   1   0  23   0   0   0  12   3 
T |   2  15  12  23   0   0   1   0   2   0 

>Al.mx

A |   1   2   3   0  20  20   0   0  17  18 
C |   3   4  12   0   0   0   0   0   0   0 
G |   5   7   1   0   0   0   0   0   3   2 
T |   4   3   3  20   0   0  20  20   0   0 

>Antp.mx

A |   2   1   1   0  16  16   0   0  15   
C |   3   5   1   0   0   0   0   0   0    
G |   5   2   0   0   0   0   0   9   1    
T |   6   8  14  16   0   0  16   7   0    

>Ap.mx

A |   2   5   2   1  19  19   0   0  16   3 
C |   6   4  10   0   0   0   0   0   0   0 
G |   4   9   0   0   0   0   0   6   3   6 
T |   3   1   7  18   0   0  19  13   0   1 

>Ara.mx

A |  12  16  24  14  23  34   0  34    
C |   5   7   1   0   0   0  34   0    
G |  10   6   1   5   0   0   0   0    
T |   7   5   8  15  11   0   0   0    

>Awh.mx

A |  12   7   3   1  33  40   0   0  34   2 
C |   9   9  16   0   0   0   0   0   0   5 
G |   2   8   0   0   7   0   1   8   4   8 
T |   7  11  21  39   0   0  39  32   2   3 

>BH1.mx

A |   3   1   4   0  21  21   8   1   1   7 
C |   1   5   4   0   0   0   0   7   0   3 
G |   2  12   0   0   0   0   0   0  20   8 
T |   6   3  13  21   0   0  13  13   0   3 

>BH2.mx

A |   2   6   0  21  21   5   3   0   5 
C |   7   2   0   0   0   0   1   0   4 
G |   7   1   0   0   0   0   2  21  11 
T |   5  12  21   0   0  16  15   0   1 

>Bap.mx

A |   7   1   0   0  23  23   0   1   7   3 
C |   4   9   0   0   0   0   0   0   0   8 
G |   4   5   1   0   0   0  23   0  16   9 
T |   8   8  22  23   0   0   0  22   0   3 

>Bcd.mx

A |   2   1   3   0  20  22   0   0   0   3 
C |   2   6   5   0   0   0   0  22  21   4 
G |   8  10   3   0   0   0   1   0   0   4 
T |   6   5  11  22   2   0  21   0   1   0 

>Bsh.mx

A |   3   1   0  16  16   0   0   7   3 
C |   5   3   0   0   0   1   3   0   3 
G |   1   2   0   0   0   0   6   9   9 
T |   7  10  16   0   0  15   7   0   1 

>Btn.mx

A |   4   4   5   0  22  23   0   0  19   3 
C |   4   9   1   0   0   0   1   0   0   7 
G |   1   5   4   0   1   0   0  15   3   2 
T |   1   5  13  23   0   0  22   8   1   1 

>C15.mx

A |   3   2   1   0  17  19   6   0  10   2 
C |   3   4   1   0   0   0   2   3   0   2 
G |   0   8   0   0   0   0   0   6   9   8 
T |   1   5  17  19   2   0  11  10   0   0 

>CG11085.mx

A |   2   0   0  13  13   1   2   1   2 
C |   4   3   0   0   0   0   1   0   4 
G |   2   0   0   0   0   0   2  12   6 
T |   5  10  13   0   0  12   8   0   1 

>CG11294.mx

A |   2   7   0   0  15  15   0   0  15   1 
C |   0   2   3   2   0   0   0   0   0   0 
G |   0   2   0   0   0   0   0   0   0  10 
T |   1   3  12  13   0   0  15  15   0   2 

>CG11617.mx

A |   7   2   1   0  10  17   0  17   0    
C |   0   0   0   0   0   0  17   0   0    
G |   3   1   0   0   3   0   0   0   0    
T |   7  14  16  17   4   0   0   0   1    

>CG12361.mx

A |   4   2   2   2   6  16   0   0  13   0 
C |   3   2   0   0   0   0   0   2   0   6 
G |   3   3   0   0   2   0   0   6   3   3 
T |   4   9  14  14   8   0  16   8   0   0 

>CG13424.mx

A |   2   6   2   0  21  21   0   3   8   2 
C |   1   5   7   0   0   0   0   0   0   3 
G |   7   4   1   0   0   0   0   4  13   7 
T |   6   6  11  21   0   0  21  14   0   2 

>CG15696.mx

A |   0   3   2   2  21  32   0   0  16   7 
C |   3   7   3   3   0   0   0   0   0   5 
G |   2   8   3   0   6   0   0   2  16  15 
T |   1  14  24  27   5   0  32  30   0   1 

>CG18599.mx

A |   4   6   4   0  25  25   0   0  23   2 
C |   9   5  10   0   0   0   0   1   0   1 
G |   3   6   1   0   0   0   0   8   2   2 
T |   5   5  10  25   0   0  25  16   0   0 

>CG32105.mx

A |   1   9   2   2  17  19   0   0  15   6 
C |   2   1   4   0   0   0   0   0   0   4 
G |   2   0   0   0   0   0   1   1   4   9 
T |   2   9  13  17   2   0  18  18   0   0 

>CG32532.mx

A |   3   4   2   0  23  23   0   0  12   5 
C |   1   6   6   0   0   0   0   0   0   3 
G |   1   7   2   0   0   0   0   2  10   9 
T |   3   5  13  23   0   0  23  21   1   3 

>CG33980.mx

A |   1   2   0  13  13   0   0  10   1 
C |   1   2   0   0   0   0   0   0   2 
G |   5   0   0   0   0   0   0   3  10 
T |   6   9  13   0   0  13  13   0   0 

>CG34031.mx

A |   0   2   0   0  22  25   2   7   3   3 
C |   3   4   1   0   0   0   0   0   0   6 
G |   3   4   1   0   0   0   0   1  22   5 
T |   4  15  23  25   3   0  23  17   0   7 

>CG4136.mx

A |   3   3   1   0  22  22   0   2  15   3 
C |   2   8   8   0   0   0   0   0   0   2 
G |   3   5   1   0   0   0   0   3   6   4 
T |   1   5  12  22   0   0  22  17   1   4 

>CG4328.mx

A |   3  12  12   7  13  30   0   0  15  10 
C |   5   6   2   1   0   0   0   0   0   8 
G |   1   4   3   0   0   0   0   6  15   5 
T |   8   8  13  22  17   0  30  24   0   2 

>CG7056.mx

A |  10   7   0   0  21  26   0   7  22   0 
C |   4   3   7   6   0   0   3   0   0   4 
G |   4   2   0   7   2   0   3   1   4   0 
T |   7  14  19  13   3   0  20  18   0   0 

>CG9876.mx

A |   0  11   2   0  18  20   0   0  14   7 
C |   3   2   9   0   0   0   0   0   0   2 
G |   1   4   3   0   0   0   0   1   6   5 
T |   3   3   6  20   2   0  20  19   0   3 

>Cad.mx

A |   9  12   3   4  12  38   0   4  22   1 
C |  10   6   3   0   0   0   0   0   0   8 
G |   4   4   3   0   2   0   0   7  15  10 
T |  11  16  29  34  24   0  38  27   1   1 

>Caup.mx

A |   4   9   8   4  14  19   0  19    
C |   9   0   0   1   0   0  19   0    
G |   2   3   4   2   2   0   0   0    
T |   4   7   7  12   3   0   0   0    

>Ct.mx

A |   3   3   0   1   9  20  17   0    
C |   3   8   6   2   0   0   0  19    
G |   7   6   0   0  11   0   1   1    
T |   7   3  14  17   0   0   2   0    

>Dfd.mx

A |   2   8   1   0  24  24   0   1  21   2 
C |   2   9   4   0   0   0   0   0   0   5 
G |   3   4   3   0   0   0   0  19   3   4 
T |   4   3  16  24   0   0  24   4   0   3 

>Dll.mx

A |   0   2   5   1  22  23   0   3  10   1 
C |   0   4   6   0   0   0   0   0   0  12 
G |   1   3   3   0   1   0   0   3   9   4 
T |   1   6   5  22   0   0  23  17   4   6 

>Dr.mx

A |   4  11   1   0  21  21   0   0  21    
C |   8   2  13  16   0   0   0   0   0    
G |   9   4   6   0   0   0   0   0   0    
T |   0   4   1   5   0   0  21  21   0    

>E5.mx

A |   9  11   5   3  43  42   1   5  34   8 
C |   9   9  15   0   0   0   0   0   0   1 
G |  11  12   6   0   0   0   1  16   9   2 
T |   8  11  17  40   0   1  41  22   0   1 

>Ems.mx

A |   1   8   3   3  19  19   0   0  14   4 
C |   8   1   7   0   0   0   0   1   0   2 
G |   2   2   1   0   0   1   0  10   6   6 
T |   2   9   9  17   1   0  20   9   0   0 

>En.mx

A |   3   3   2   0  23  23   0   0  13   4 
C |   5   3   8   0   0   0   0   0   0   1 
G |   6  12   2   0   0   0   0   2  10   5 
T |   6   5  11  23   0   0  23  21   0   0 

>Eve.mx

A |   2   6   3   1  22  22   0   0  17   4 
C |   1   1  10   0   0   0   2   2   0   4 
G |   4   9   0   0   0   0   1  11   4   4 
T |   7   6   9  21   0   0  19   9   1   1 

>Exd.mx

A |   4   1   0   0   0  17   0  11   5    
C |   4   0   0   0   0   0  12   0   0    
G |   4   2   0   0  17   0   0   6   1    
T |   5  14  17  17   0   0   5   0   3    

>Exex.mx

A |   3   5   0   0  23  23   0   1  20   6 
C |   3   3   7   0   0   0   0   1   0   3 
G |   6   7  10   0   0   0   0   0   3   5 
T |   1   7   6  23   0   0  23  21   0   1 

>Ftz.mx

A |   2   3   1   1  18  18   0   0  14   0 
C |   1   5   2   0   0   0   0   0   0   0 
G |   4   8   0   0   0   0   0   9   4   1 
T |   9   2  15  17   0   0  18   9   0   1 

>Gsc.mx

A |   1   8   4   0  22  22   0   0   0   2 
C |   5   8   5   0   0   0   0  22  14   4 
G |   1   5   4   0   0   0   0   0   2   4 
T |   6   1   9  22   0   0  22   0   6   5 

>H2.mx

A |   9   5   6   2  16  31   0   8  24  16 
C |   9   6   3   1   1   0   0   0   0   4 
G |   6  12   4   0   1   0   0   9   7   5 
T |   7   9  19  29  14   1  32  15   1   4 

>Hbn.mx

A |   0   6   2   0  17  17   0   0   9   8 
C |   2   4   2   0   0   0   0   0   0   1 
G |   2   1   2   0   0   0   0   0   7   4 
T |   0   6  11  17   0   0  17  17   1   3 

>Hgtx.mx

A |   4   4   4   0  20  20   0   1  15   4 
C |   2   1   2   0   0   0   0   0   0   2 
G |   1   5   3   0   0   0   0   6   5   4 
T |   4  10  11  20   0   0  20  13   0   0 

>Hmx.mx

A |   6   3   1   0  20  20   1   0   4   0 
C |   5   6   3   0   0   0   0   3   0   2 
G |   1   6   0   0   0   0   0   0  16   1 
T |   4   3  16  20   0   0  19  17   0   0 

>Hth.mx

A |   3   3   4   0   0  17   0  14   0   1 
C |   6   3   2   0   0   0  17   0   0   2 
G |   1   4   6   0  17   0   0   3   8   2 
T |   2   7   5  17   0   0   0   0   4   1 

>Ind.mx

A |   1   9   0   0  21  21   0   0  19   0 
C |   9   4  12   0   0   0   0   0   0   4 
G |   2   6   0   0   0   0   1   8   2   3 
T |   9   2   9  21   0   0  20  13   0   0 

>Inv.mx

A |   2   4   1   0  16  16   0   0  11   5 
C |   3   0   9   0   0   0   0   0   0   3 
G |   1   3   0   0   0   0   0   0   5   4 
T |   5   9   6  16   0   0  16  16   0   2 

>Lab.mx

A |   3   4   1   0  16  16   1   0  16   1 
C |   2   4   3   0   0   0   0   0   0   2 
G |   2   5   0   0   0   0   0   6   0   1 
T |   4   2  12  16   0   0  15  10   0   1 

>Lbe.mx

A |   2   3   4   0  22  22   1   4  19   2 
C |   4   5   6   0   0   0  10   5   0   2 
G |   3   9   2   0   0   0   2   3   3   8 
T |   1   5  10  22   0   0   9  10   0   1 

>Lbl.mx

A |   1   5   5   0  23  23   0   1  17   3 
C |   1   5  10   0   0   0   5   3   0   1 
G |   4  11   0   0   0   0   0   7   6   9 
T |   2   2   8  23   0   0  18  12   0   2 

>Lim1.mx

A |   1   4   0   0  18  18   0   0  17   3 
C |   0   0   2   0   0   0   0   0   0   3 
G |   0   3   0   0   0   0   0   0   1   8 
T |   1   2  16  18   0   0  18  18   0   3 

>Lim3.mx

A |   3   8   3   4  16  20   0   0  16  10 
C |   1   5   7   0   0   0   0   2   0   0 
G |   3   2   2   0   3   0   0   4   4   3 
T |   3   5   8  16   1   0  20  14   0   2 

>Mirr.mx

A |  18  18  22  20  29  41   0  41    
C |   6   4   7   1   0   0  41   0    
G |   6  10   6   1   2   0   0   0    
T |  11   9   6  19  10   0   0   0   

>NK7.mx

A |  10  13   5   0  33  35   4   6  13   3 
C |   5   9   5   0   0   0   0   0   0   5 
G |   5   5   1   0   2   0   5   7  22   4 
T |   5   8  24  35   0   0  26  22   0   4 

>Oc.mx

A |   2   4   5   0  19  19   0   0   0   3 
C |   2   7   2   0   0   0   0  19  17   4 
G |   1   4   1   0   0   0   2   0   1   4 
T |   1   3  11  19   0   0  17   0   1   4 

>Oct.mx

A |   5   2   8   1  22  22   0   2  15   0 
C |   6   4   3   0   0   0   0   3   1   1 
G |   4   7   0   0   0   0   0   6   1   4 
T |   3   9  11  21   0   0  22  11   5   0 

>Odsh.mx

A |   5   4   0   0  22  22   0   0  13   8 
C |   2   6  11   0   0   0   0   0   0   4 
G |   0   6   4   0   0   0   0   0   8   1 
T |   4   6   7  22   0   0  22  22   1   3 

>Optix.mx

A |  12  13   4   0   0  27   0  26    
C |   4   4   4   5   0   0   0   0    
G |   2   3  16   0  27   0   0   1    
T |   9   7   3  22   0   0  27   0    

>Otp.mx

A |   2   3   1   0  20  20   0   0  15   7 
C |   5   4   6   1   0   0   0   1   0   1 
G |   4   2   2   0   0   0   0   4   3   4 
T |   2  11  11  19   0   0  20  15   2   2 

>Pb.mx

A |   1   3   4   0  24  24   0   0  24   2 
C |   2   3   9   0   0   0   0   0   0   9 
G |   2  10   0   0   0   0   0  11   0   3 
T |   4   8  11  24   0   0  24  13   0   1 

>PhdP.mx

A |   2   4   4   0  16  17   0   1   8   3 
C |   1   6   6   0   0   0   0   0   1   2 
G |   3   4   0   0   0   0   0   1   4   4 
T |   1   2   7  17   1   0  17  15   4   2 

>Pph13.mx

A |   2  10   6   0  21  21   0   0  13   5 
C |   1   4   8   0   0   0   0   1   1   1 
G |   1   3   3   0   0   0   0   0   6   5 
T |   3   4   4  21   0   0  21  20   1   3 

>Ptx1.mx

A |   3   2   0   0  20  20   0   0   0   0 
C |   5   6   5   0   0   0   0  20  19  12 
G |   2   9   1   0   0   0   0   0   0   0 
T |   3   2  14  20   0   0  20   0   1   4 

>Repo.mx

A |   7   6   1   1  27  28   0   0  21   4 
C |   6   3   4   0   0   0   0   0   0   1 
G |   4   6   4   0   0   0   0   0   7   5 
T |   6  13  19  27   1   0  28  28   0   0 

>Ro.mx

A |   1   5   1   0  23  23   0   0  19   7 
C |   4   4  12   0   0   0   0   0   0   4 
G |   0  11   3   0   0   0   0   3   4   0 
T |   7   3   7  23   0   0  23  20   0   0 

>Rx.mx

A |   1   7   3   0  27  27   0   0  17  11 
C |   1   5  13   0   0   0   0   0   0   2 
G |   1  12   0   0   0   0   0   0  10   8 
T |   4   3  11  27   0   0  27  27   0   1 

>Scr.mx

A |   5   8   3   0  25  25   0   0  23   0 
C |  14   5   7   0   0   0   0   0   0   2 
G |   1   9   0   0   0   0   0  18   2   0 
T |   5   3  15  25   0   0  25   7   0   0 

>Six4.mx

A |  10   4   6   0   0  20   0  20   1   0 
C |   2   2   2   0   0   0   7   0  19  11 
G |   2   3   3   0  20   0   4   0   0   0 
T |   6  11   9  20   0   0   9   0   0   0 

>Slou.mx

A |   1   2   3   0  22  21   0   2  11   1 
C |   4   3   5   1   0   0   0   1   0   3 
G |   3   6   1   0   0   1   0   5  11   7 
T |   2  11  13  21   0   0  22  14   0   4 

>So.mx

A |   6  12  13   0   0  27   0  27   0   0 
C |   5   4   1   0   0   0   0   0  10   1 
G |   7   5  10   1  27   0   1   0   0   2 
T |   9   6   3  26   0   0  26   0   3   2 

>Tin.mx

A |   1   0   1   0  16  16   0   0   3   0 
C |   2   9   0  11   0   0   0   0   0   4 
G |   1   3   0   1   0   0  16   0  13   9 
T |   1   4  15   4   0   0   0  16   0   1 

>Tup.mx

A |   0   2   4   1  16  16   0   1   2   7 
C |   5   8   2   0   0   0   0   0   0   1 
G |   0   5   1   0   0   0   2   7  13   2 
T |   1   1   9  15   0   0  14   8   1   1 

>Ubx.mx

A |   3   3   0   0  17  20   0   0  14   0 
C |   7   5   0   0   0   0   0   0   0   4 
G |   0   3   0   0   0   0   0   6   6   1 
T |   4   9  20  20   3   0  20  14   0   1 

>Unc4.mx

A |   0   2   1   0  21  21   0   1   6   8 
C |   2   9   5   0   0   0   0   0   1   1 
G |   0   5   2   0   0   0   0   0  14   7 
T |   2   5  13  21   0   0  21  20   0   2 

>Unpg.mx

A |   2   5   1   1  21  21   0   0  14   2 
C |   4  10   6   0   0   0   0   0   0   3 
G |   2   3   4   0   0   0   0   2   7  10 
T |   2   3  10  20   0   0  21  19   0   3 

>Vis.mx

A |   8   7   7   0   0  22   0  22   2   0 
C |   3   3   3   0   0   0  22   0   4   4 
G |   1   7   4   0  22   0   0   0   8   2 
T |   5   5   8  22   0   0   0   0   2   3 

>Vnd.mx

A |   4   1   0   0  19  19   0   2   9    
C |   0   8   0  15   0   0   0   0   0    
G |   2   1   0   2   0   0  19   0  10    
T |  13   9  19   2   0   0   0  17   0    

>Zen.mx

A |   3   2   2   0  16  16   0   0  16   
C |   5   8   9   0   0   0   0   0   0    
G |   4   4   0   0   0   0   0  11   0    
T |   4   2   5  16   0   0  16   5   0   

>Zen2.mx

A |   4   7   3   1  26  26   0   0  22   1 
C |   7   9   7   0   0   0   1   0   0   4 
G |   2   6   5   0   0   0   0  10   4   0 
T |  13   4  11  25   0   0  25  16   0   1 

>onecut.mx
A |   2   4   1   0   0  15   0   0   5   3 
C |   3   4   2   0   0   0   0   0   0   2 
G |   0   4   0   0  15   0   0   0   4   6 
T |   3   3  12  15   0   0  15  15   6   0 
